 &plot nbnd=  16, nks=   151 /
           -0.333333  0.577350  0.000000
  -14.960  -14.960  -12.914   -2.354   -2.354    8.258   10.505   10.505   11.097   12.318
   12.318   12.412   12.412   12.467   12.730   13.119
           -0.326667  0.565803  0.000000
  -15.110  -14.824  -12.894   -2.544   -2.165    8.264   10.387   10.564   11.091   12.004
   12.026   12.539   12.614   12.646   12.780   12.982
           -0.320000  0.554256  0.000000
  -15.287  -14.682  -12.839   -2.742   -1.970    8.283   10.178   10.607   11.078   11.623
   11.631   12.637   12.706   12.768   12.818   12.899
           -0.313333  0.542709  0.000000
  -15.485  -14.536  -12.756   -2.948   -1.768    8.309    9.908   10.634   11.035   11.239
   11.254   12.319   12.426   13.006   13.025   13.083
           -0.306667  0.531162  0.000000
  -15.695  -14.384  -12.652   -3.160   -1.559    8.340    9.603   10.643   10.788   10.884
   11.042   11.974   12.091   13.233   13.252   13.285
           -0.300000  0.519615  0.000000
  -15.914  -14.228  -12.530   -3.378   -1.344    8.368    9.278   10.408   10.527   10.636
   10.955   11.632   11.741   13.443   13.471   13.481
           -0.293333  0.508068  0.000000
  -16.138  -14.066  -12.396   -3.600   -1.123    8.383    8.945   10.026   10.189   10.615
   10.845   11.304   11.393   13.224   13.454   13.659
           -0.286667  0.496521  0.000000
  -16.365  -13.899  -12.251   -3.825   -0.895    8.372    8.608    9.650    9.875   10.581
   10.700   10.999   11.059   12.921   13.181   13.880
           -0.280000  0.484974  0.000000
  -16.592  -13.728  -12.096   -4.054   -0.662    8.272    8.316    9.282    9.589   10.495
   10.536   10.728   10.768   12.616   12.864   14.110
           -0.273333  0.473427  0.000000
  -16.819  -13.551  -11.934   -4.283   -0.422    7.938    8.200    8.921    9.333   10.216
   10.483   10.502   10.542   12.324   12.539   14.349
           -0.266667  0.461880  0.000000
  -17.044  -13.370  -11.764   -4.514   -0.177    7.608    8.023    8.569    9.093    9.900
   10.327   10.347   10.422   12.055   12.212   14.597
           -0.260000  0.450333  0.000000
  -17.266  -13.184  -11.589   -4.745    0.073    7.283    7.795    8.225    8.851    9.575
   10.157   10.197   10.355   11.821   11.889   14.453
           -0.253333  0.438786  0.000000
  -17.486  -12.993  -11.408   -4.975    0.329    6.965    7.537    7.889    8.597    9.253
    9.967   10.088   10.283   11.570   11.636   14.196
           -0.246667  0.427239  0.000000
  -17.702  -12.797  -11.223   -5.204    0.590    6.653    7.263    7.562    8.332    8.935
    9.775    9.970   10.208   11.258   11.512   13.945
           -0.240000  0.415692  0.000000
  -17.914  -12.597  -11.033   -5.431    0.856    6.347    6.982    7.244    8.061    8.624
    9.582    9.821   10.129   10.952   11.449   13.712
           -0.233333  0.404145  0.000000
  -18.122  -12.393  -10.840   -5.655    1.126    6.049    6.699    6.934    7.786    8.321
    9.389    9.638   10.048   10.654   11.433   13.507
           -0.226667  0.392598  0.000000
  -18.325  -12.184  -10.642   -5.877    1.401    5.759    6.418    6.633    7.512    8.025
    9.197    9.428    9.965   10.363   11.437   13.344
           -0.220000  0.381051  0.000000
  -18.524  -11.971  -10.442   -6.095    1.680    5.476    6.142    6.340    7.241    7.737
    9.007    9.202    9.880   10.080   11.429   13.142
           -0.213333  0.369504  0.000000
  -18.718  -11.754  -10.240   -6.310    1.963    5.201    5.870    6.056    6.974    7.457
    8.819    8.967    9.795    9.805   11.386   12.873
           -0.206667  0.357957  0.000000
  -18.907  -11.533  -10.035   -6.520    2.249    4.934    5.605    5.781    6.713    7.186
    8.634    8.730    9.538    9.708   11.297   12.610
           -0.200000  0.346410  0.000000
  -19.090  -11.308   -9.828   -6.726    2.538    4.675    5.347    5.514    6.459    6.922
    8.453    8.493    9.280    9.619   11.168   12.355
           -0.193333  0.334863  0.000000
  -19.269  -11.079   -9.619   -6.927    2.829    4.424    5.097    5.257    6.211    6.668
    8.258    8.277    9.030    9.530   11.010   12.108
           -0.186667  0.323316  0.000000
  -19.442  -10.847   -9.410   -7.124    3.123    4.182    4.854    5.008    5.971    6.421
    8.028    8.104    8.789    9.439   10.833   11.868
           -0.180000  0.311769  0.000000
  -19.609  -10.612   -9.200   -7.315    3.419    3.947    4.618    4.767    5.738    6.183
    7.804    7.937    8.557    9.347   10.647   11.636
           -0.173333  0.300222  0.000000
  -19.771  -10.374   -8.990   -7.500    3.715    3.721    4.391    4.535    5.512    5.954
    7.586    7.775    8.333    9.254   10.458   11.412
           -0.166667  0.288675  0.000000
  -19.927  -10.134   -8.781   -7.679    3.504    4.013    4.172    4.313    5.295    5.733
    7.374    7.618    8.119    9.158   10.268   11.196
           -0.160000  0.277128  0.000000
  -20.077   -9.891   -8.572   -7.853    3.294    3.961    4.098    4.310    5.086    5.521
    7.170    7.466    7.914    9.060   10.081   10.989
           -0.153333  0.265581  0.000000
  -20.222   -9.646   -8.365   -8.021    3.093    3.759    3.893    4.607    4.885    5.318
    6.973    7.320    7.719    8.958    9.897   10.789
           -0.146667  0.254034  0.000000
  -20.361   -9.399   -8.182   -8.159    2.901    3.565    3.696    4.692    4.902    5.123
    6.784    7.178    7.535    8.853    9.719   10.598
           -0.140000  0.242487  0.000000
  -20.494   -9.152   -8.337   -7.957    2.717    3.379    3.508    4.507    4.937    5.195
    6.602    7.041    7.360    8.744    9.546   10.415
           -0.133333  0.230940  0.000000
  -20.621   -8.903   -8.486   -7.757    2.541    3.202    3.329    4.331    4.759    5.485
    6.429    6.908    7.198    8.629    9.380   10.240
           -0.126667  0.219393  0.000000
  -20.742   -8.655   -8.627   -7.561    2.374    3.033    3.158    4.163    4.590    5.771
    6.263    6.778    7.047    8.508    9.221   10.073
           -0.120000  0.207846  0.000000
  -20.857   -8.763   -8.407   -7.369    2.216    2.873    2.997    4.004    4.429    6.053
    6.106    6.652    6.909    8.380    9.069    9.915
           -0.113333  0.196299  0.000000
  -20.966   -8.891   -8.161   -7.183    2.066    2.721    2.844    3.853    4.278    5.957
    6.328    6.527    6.784    8.244    8.925    9.765
           -0.106667  0.184752  0.000000
  -21.068   -9.012   -7.917   -7.002    1.924    2.578    2.699    3.711    4.135    5.817
    6.407    6.597    6.671    8.099    8.788    9.624
           -0.100000  0.173205  0.000000
  -21.165   -9.126   -7.676   -6.827    1.791    2.444    2.564    3.577    4.000    5.684
    6.290    6.570    6.858    7.946    8.660    9.491
           -0.093333  0.161658  0.000000
  -21.256   -9.234   -7.439   -6.660    1.667    2.318    2.437    3.452    3.875    5.560
    6.177    6.480    7.110    7.785    8.539    9.366
           -0.086667  0.150111  0.000000
  -21.340   -9.334   -7.207   -6.500    1.551    2.201    2.319    3.335    3.758    5.445
    6.071    6.399    7.352    7.616    8.426    9.250
           -0.080000  0.138564  0.000000
  -21.418   -9.427   -6.982   -6.349    1.444    2.092    2.210    3.227    3.649    5.338
    5.971    6.326    7.442    7.582    8.321    9.143
           -0.073333  0.127017  0.000000
  -21.490   -9.512   -6.765   -6.207    1.345    1.992    2.109    3.128    3.550    5.239
    5.879    6.262    7.263    7.800    8.225    9.044
           -0.066667  0.115470  0.000000
  -21.556   -9.591   -6.557   -6.075    1.255    1.901    2.017    3.037    3.459    5.149
    5.793    6.206    7.084    8.003    8.136    8.953
           -0.060000  0.103923  0.000000
  -21.616   -9.662   -6.361   -5.953    1.174    1.818    1.934    2.955    3.376    5.068
    5.716    6.156    6.906    8.056    8.192    8.871
           -0.053333  0.092376  0.000000
  -21.669   -9.725   -6.178   -5.842    1.101    1.744    1.860    2.881    3.303    4.995
    5.646    6.113    6.735    7.985    8.364    8.797
           -0.046667  0.080829  0.000000
  -21.716   -9.782   -6.010   -5.743    1.036    1.679    1.794    2.816    3.238    4.931
    5.584    6.076    6.572    7.921    8.519    8.732
           -0.040000  0.069282  0.000000
  -21.757   -9.830   -5.858   -5.656    0.981    1.623    1.737    2.760    3.181    4.875
    5.531    6.044    6.423    7.867    8.656    8.676
           -0.033333  0.057735  0.000000
  -21.792   -9.872   -5.726   -5.581    0.933    1.575    1.689    2.713    3.134    4.828
    5.485    6.018    6.290    7.820    8.628    8.774
           -0.026667  0.046188  0.000000
  -21.820   -9.906   -5.615   -5.520    0.895    1.536    1.650    2.674    3.095    4.789
    5.448    5.998    6.176    7.782    8.589    8.871
           -0.020000  0.034641  0.000000
  -21.842   -9.932   -5.526   -5.472    0.865    1.505    1.619    2.643    3.064    4.759
    5.419    5.982    6.084    7.753    8.558    8.947
           -0.013333  0.023094  0.000000
  -21.858   -9.951   -5.462   -5.437    0.843    1.484    1.598    2.622    3.043    4.737
    5.398    5.971    6.017    7.731    8.536    9.002
           -0.006667  0.011547  0.000000
  -21.867   -9.962   -5.422   -5.416    0.830    1.471    1.584    2.609    3.030    4.724
    5.386    5.964    5.976    7.719    8.523    9.035
            0.000000  0.000000  0.000000
  -21.870   -9.966   -5.409   -5.409    0.826    1.466    1.580    2.604    3.026    4.720
    5.381    5.962    5.962    7.714    8.519    9.046
            0.000000  0.011547  0.000000
  -21.868   -9.963   -5.419   -5.414    0.829    1.469    1.583    2.608    3.029    4.723
    5.385    5.964    5.972    7.718    8.522    9.038
            0.000000  0.023094  0.000000
  -21.861   -9.954   -5.449   -5.430    0.839    1.479    1.593    2.617    3.038    4.733
    5.394    5.968    6.003    7.727    8.532    9.013
            0.000000  0.034641  0.000000
  -21.849   -9.940   -5.497   -5.456    0.855    1.496    1.610    2.634    3.055    4.749
    5.409    5.976    6.055    7.743    8.548    8.972
            0.000000  0.046188  0.000000
  -21.833   -9.921   -5.565   -5.491    0.878    1.518    1.633    2.656    3.077    4.772
    5.431    5.986    6.126    7.765    8.571    8.914
            0.000000  0.057735  0.000000
  -21.811   -9.895   -5.651   -5.536    0.907    1.548    1.662    2.685    3.107    4.801
    5.459    5.998    6.218    7.794    8.601    8.841
            0.000000  0.069282  0.000000
  -21.785   -9.864   -5.755   -5.590    0.942    1.584    1.698    2.721    3.142    4.836
    5.493    6.010    6.328    7.829    8.637    8.752
            0.000000  0.080829  0.000000
  -21.755   -9.828   -5.875   -5.653    0.984    1.626    1.741    2.763    3.185    4.878
    5.533    6.023    6.457    7.870    8.648    8.679
            0.000000  0.092376  0.000000
  -21.719   -9.785   -6.011   -5.722    1.032    1.675    1.790    2.812    3.233    4.926
    5.579    6.035    6.603    7.917    8.530    8.728
            0.000000  0.103923  0.000000
  -21.679   -9.738   -6.162   -5.799    1.087    1.730    1.846    2.867    3.289    4.981
    5.631    6.046    6.766    7.971    8.397    8.783
            0.000000  0.115470  0.000000
  -21.635   -9.684   -6.326   -5.882    1.148    1.792    1.908    2.929    3.350    5.042
    5.688    6.056    6.946    8.030    8.252    8.844
            0.000000  0.127017  0.000000
  -21.585   -9.625   -6.503   -5.970    1.215    1.861    1.977    2.997    3.418    5.110
    5.749    6.064    7.141    8.074    8.116    8.912
            0.000000  0.138564  0.000000
  -21.531   -9.561   -6.692   -6.063    1.289    1.936    2.052    3.072    3.493    5.184
    5.812    6.074    7.350    7.919    8.173    8.987
            0.000000  0.150111  0.000000
  -21.472   -9.491   -6.891   -6.160    1.370    2.017    2.134    3.153    3.574    5.264
    5.871    6.089    7.573    7.738    8.251    9.068
            0.000000  0.161658  0.000000
  -21.409   -9.416   -7.100   -6.260    1.457    2.105    2.223    3.240    3.662    5.350
    5.918    6.120    7.545    7.808    8.336    9.155
            0.000000  0.173205  0.000000
  -21.341   -9.335   -7.318   -6.363    1.550    2.199    2.318    3.334    3.756    5.443
    5.941    6.176    7.342    8.056    8.428    9.248
            0.000000  0.184752  0.000000
  -21.268   -9.249   -7.543   -6.468    1.649    2.300    2.419    3.434    3.857    5.542
    5.944    6.256    7.131    8.315    8.525    9.347
            0.000000  0.196299  0.000000
  -21.191   -9.157   -7.775   -6.574    1.756    2.408    2.528    3.541    3.964    5.647
    5.933    6.351    6.910    8.584    8.629    9.453
            0.000000  0.207846  0.000000
  -21.109   -9.060   -8.014   -6.681    1.868    2.521    2.642    3.654    4.077    5.757
    5.915    6.457    6.683    8.739    8.864    9.566
            0.000000  0.219393  0.000000
  -21.022   -8.958   -8.257   -6.789    1.987    2.642    2.764    3.774    4.197    5.871
    5.891    6.452    6.572    8.856    9.152    9.684
            0.000000  0.230940  0.000000
  -20.931   -8.851   -8.505   -6.896    2.112    2.768    2.891    3.899    4.324    5.864
    5.973    6.232    6.694    8.978    9.449    9.809
            0.000000  0.242487  0.000000
  -20.836   -8.758   -8.739   -7.003    2.244    2.901    3.026    4.031    4.456    5.833
    5.910    6.178    6.824    9.107    9.753    9.940
            0.000000  0.254034  0.000000
  -20.735   -9.013   -8.621   -7.109    2.382    3.040    3.167    4.168    4.595    5.678
    5.799    6.294    6.961    9.241   10.064   10.077
            0.000000  0.265581  0.000000
  -20.631   -9.272   -8.499   -7.214    2.526    3.185    3.314    4.310    4.740    5.427
    5.765    6.433    7.105    9.382   10.221   10.382
            0.000000  0.277128  0.000000
  -20.521   -9.532   -8.372   -7.317    2.677    3.336    3.468    4.453    4.891    5.175
    5.729    6.581    7.255    9.528   10.371   10.705
            0.000000  0.288675  0.000000
  -20.408   -9.795   -8.239   -7.418    2.834    3.492    3.629    4.582    4.940    5.047
    5.693    6.737    7.412    9.680   10.527   11.034
            0.000000  0.300222  0.000000
  -20.290  -10.058   -8.103   -7.516    2.997    3.651    3.796    4.554    4.868    5.207
    5.660    6.899    7.576    9.838   10.689   11.366
            0.000000  0.311769  0.000000
  -20.167  -10.323   -7.962   -7.612    3.167    3.805    3.970    4.338    4.998    5.362
    5.637    7.068    7.746   10.002   10.858   11.702
            0.000000  0.323316  0.000000
  -20.040  -10.588   -7.816   -7.706    3.343    3.887    4.150    4.169    5.166    5.475
    5.664    7.243    7.922   10.171   11.033   12.040
            0.000000  0.334863  0.000000
  -19.909  -10.853   -7.797   -7.666    3.525    3.717    4.250    4.336    5.346    5.489
    5.796    7.425    8.105   10.346   11.214   12.381
            0.000000  0.346410  0.000000
  -19.773  -11.118   -7.884   -7.512    3.460    3.713    4.422    4.529    5.465    5.534
    5.973    7.613    8.295   10.525   11.401   12.722
            0.000000  0.357957  0.000000
  -19.633  -11.383   -7.968   -7.355    3.189    3.907    4.614    4.728    5.433    5.730
    6.166    7.806    8.491   10.710   11.594   13.064
            0.000000  0.369504  0.000000
  -19.489  -11.646   -8.049   -7.194    2.915    4.107    4.814    4.933    5.402    5.932
    6.367    8.006    8.693   10.900   11.793   13.404
            0.000000  0.381051  0.000000
  -19.341  -11.909   -8.125   -7.029    2.640    4.313    5.023    5.141    5.374    6.141
    6.576    8.212    8.901   11.094   11.998   13.431
            0.000000  0.392598  0.000000
  -19.188  -12.170   -8.199   -6.862    2.367    4.523    5.239    5.300    5.404    6.356
    6.793    8.424    9.116   11.291   12.209   13.351
            0.000000  0.404145  0.000000
  -19.032  -12.430   -8.268   -6.693    2.095    4.736    5.299    5.461    5.605    6.578
    7.016    8.642    9.337   11.491   12.425   13.219
            0.000000  0.415692  0.000000
  -18.872  -12.687   -8.333   -6.521    1.827    4.944    5.289    5.690    5.834    6.806
    7.245    8.865    9.564   11.694   12.645   13.041
            0.000000  0.427239  0.000000
  -18.708  -12.942   -8.394   -6.349    1.563    5.107    5.330    5.926    6.072    7.040
    7.481    9.094    9.798   11.895   12.780   12.910
            0.000000  0.438786  0.000000
  -18.540  -13.195   -8.451   -6.176    1.303    5.150    5.497    6.168    6.317    7.281
    7.724    9.329   10.037   12.091   12.547   13.121
            0.000000  0.450333  0.000000
  -18.369  -13.445   -8.504   -6.003    1.051    5.142    5.724    6.416    6.569    7.527
    7.973    9.569   10.283   12.267   12.269   13.307
            0.000000  0.461880  0.000000
  -18.194  -13.691   -8.552   -5.832    0.806    5.125    5.967    6.670    6.828    7.780
    8.228    9.813   10.534   11.969   12.390   13.073
            0.000000  0.473427  0.000000
  -18.016  -13.934   -8.596   -5.664    0.571    5.106    6.220    6.931    7.093    8.038
    8.490   10.062   10.791   11.659   12.345   12.970
            0.000000  0.484974  0.000000
  -17.837  -14.173   -8.635   -5.501    0.347    5.088    6.480    7.197    7.364    8.303
    8.758   10.314   11.052   11.344   12.120   12.591
            0.000000  0.496521  0.000000
  -17.655  -14.407   -8.670   -5.345    0.136    5.072    6.747    7.469    7.643    8.573
    9.033   10.567   11.012   11.331   11.829   12.217
            0.000000  0.508068  0.000000
  -17.472  -14.635   -8.701   -5.198   -0.058    5.057    7.020    7.748    7.928    8.849
    9.313   10.691   10.811   11.527   11.603   11.850
            0.000000  0.519615  0.000000
  -17.290  -14.855   -8.726   -5.064   -0.232    5.044    7.299    8.032    8.219    9.130
    9.599   10.368   10.977   11.298   11.487   11.883
            0.000000  0.531162  0.000000
  -17.112  -15.065   -8.747   -4.946   -0.383    5.034    7.583    8.321    8.517    9.415
    9.886   10.052   10.797   11.132   11.401   11.968
            0.000000  0.542709  0.000000
  -16.943  -15.259   -8.764   -4.848   -0.506    5.025    7.873    8.615    8.821    9.703
    9.721   10.195   10.497   10.783   11.486   11.811
            0.000000  0.554256  0.000000
  -16.793  -15.427   -8.776   -4.774   -0.598    5.019    8.167    8.914    9.130    9.407
    9.970   10.211   10.439   10.500   11.248   11.775
            0.000000  0.565803  0.000000
  -16.681  -15.549   -8.783   -4.728   -0.655    5.016    8.464    9.094    9.214    9.451
    9.843   10.103   10.320   10.809   10.954   11.448
            0.000000  0.577350  0.000000
  -16.638  -15.595   -8.785   -4.713   -0.675    5.015    8.708    8.847    9.457    9.604
    9.768    9.779   10.533   10.732   11.109   11.142
           -0.006667  0.577350  0.000000
  -16.638  -15.594   -8.789   -4.712   -0.675    5.019    8.709    8.848    9.457    9.605
    9.769    9.780   10.533   10.733   11.110   11.143
           -0.013333  0.577350  0.000000
  -16.636  -15.592   -8.799   -4.709   -0.676    5.034    8.712    8.851    9.458    9.608
    9.773    9.783   10.535   10.736   11.114   11.146
           -0.020000  0.577350  0.000000
  -16.632  -15.589   -8.817   -4.704   -0.677    5.058    8.716    8.856    9.459    9.614
    9.778    9.788   10.537   10.742   11.119   11.152
           -0.026667  0.577350  0.000000
  -16.628  -15.584   -8.842   -4.697   -0.678    5.091    8.723    8.863    9.462    9.621
    9.786    9.796   10.539   10.749   11.126   11.159
           -0.033333  0.577350  0.000000
  -16.622  -15.578   -8.873   -4.689   -0.680    5.134    8.731    8.872    9.464    9.631
    9.795    9.806   10.543   10.759   11.135   11.168
           -0.040000  0.577350  0.000000
  -16.614  -15.571   -8.912   -4.678   -0.683    5.186    8.742    8.883    9.467    9.643
    9.807    9.818   10.547   10.771   11.146   11.180
           -0.046667  0.577350  0.000000
  -16.605  -15.562   -8.956   -4.666   -0.686    5.247    8.754    8.896    9.470    9.657
    9.821    9.832   10.552   10.785   11.159   11.193
           -0.053333  0.577350  0.000000
  -16.595  -15.552   -9.008   -4.651   -0.690    5.317    8.768    8.911    9.474    9.673
    9.837    9.848   10.557   10.802   11.174   11.209
           -0.060000  0.577350  0.000000
  -16.584  -15.541   -9.065   -4.635   -0.694    5.395    8.783    8.927    9.477    9.692
    9.856    9.866   10.564   10.820   11.191   11.227
           -0.066667  0.577350  0.000000
  -16.571  -15.528   -9.128   -4.617   -0.699    5.481    8.801    8.946    9.479    9.713
    9.876    9.887   10.570   10.841   11.210   11.247
           -0.073333  0.577350  0.000000
  -16.557  -15.515   -9.197   -4.597   -0.705    5.576    8.821    8.967    9.481    9.735
    9.899    9.910   10.578   10.863   11.231   11.268
           -0.080000  0.577350  0.000000
  -16.541  -15.500   -9.271   -4.575   -0.711    5.678    8.842    8.990    9.482    9.760
    9.924    9.935   10.586   10.888   11.254   11.292
           -0.086667  0.577350  0.000000
  -16.525  -15.483   -9.351   -4.551   -0.719    5.788    8.865    9.015    9.482    9.788
    9.951    9.962   10.595   10.916   11.279   11.318
           -0.093333  0.577350  0.000000
  -16.506  -15.466   -9.435   -4.525   -0.727    5.905    8.890    9.041    9.479    9.817
    9.980    9.991   10.604   10.945   11.306   11.346
           -0.100000  0.577350  0.000000
  -16.487  -15.447   -9.523   -4.497   -0.736    6.028    8.917    9.070    9.475    9.849
   10.011   10.023   10.615   10.977   11.335   11.376
           -0.106667  0.577350  0.000000
  -16.466  -15.427   -9.616   -4.467   -0.747    6.158    8.945    9.100    9.467    9.882
   10.045   10.056   10.626   11.010   11.365   11.409
           -0.113333  0.577350  0.000000
  -16.444  -15.406   -9.713   -4.436   -0.758    6.294    8.975    9.133    9.457    9.918
   10.080   10.092   10.639   11.046   11.398   11.443
           -0.120000  0.577350  0.000000
  -16.420  -15.383   -9.814   -4.402   -0.771    6.436    9.007    9.167    9.443    9.956
   10.118   10.130   10.654   11.084   11.433   11.479
           -0.126667  0.577350  0.000000
  -16.395  -15.360   -9.918   -4.367   -0.785    6.583    9.040    9.203    9.424    9.996
   10.158   10.170   10.670   11.124   11.469   11.517
           -0.133333  0.577350  0.000000
  -16.369  -15.335  -10.025   -4.330   -0.800    6.736    9.076    9.241    9.402   10.039
   10.200   10.212   10.689   11.167   11.507   11.557
           -0.140000  0.577350  0.000000
  -16.341  -15.309  -10.135   -4.291   -0.817    6.892    9.112    9.281    9.375   10.083
   10.244   10.256   10.710   11.211   11.547   11.600
           -0.146667  0.577350  0.000000
  -16.312  -15.283  -10.247   -4.250   -0.836    7.054    9.151    9.323    9.343   10.130
   10.290   10.303   10.734   11.258   11.589   11.644
           -0.153333  0.577350  0.000000
  -16.282  -15.255  -10.362   -4.207   -0.856    7.219    9.191    9.307    9.366   10.179
   10.339   10.352   10.761   11.307   11.633   11.690
           -0.160000  0.577350  0.000000
  -16.250  -15.227  -10.479   -4.162   -0.878    7.387    9.232    9.266    9.412   10.230
   10.389   10.402   10.791   11.358   11.678   11.738
           -0.166667  0.577350  0.000000
  -16.217  -15.197  -10.597   -4.115   -0.902    7.559    9.222    9.275    9.459   10.283
   10.442   10.455   10.824   11.411   11.725   11.788
           -0.173333  0.577350  0.000000
  -16.183  -15.167  -10.717   -4.067   -0.928    7.734    9.174    9.320    9.508   10.339
   10.497   10.510   10.861   11.467   11.773   11.840
           -0.180000  0.577350  0.000000
  -16.147  -15.137  -10.838   -4.017   -0.957    7.910    9.123    9.365    9.559   10.396
   10.553   10.568   10.901   11.524   11.823   11.894
           -0.186667  0.577350  0.000000
  -16.110  -15.105  -10.960   -3.964   -0.987    8.089    9.069    9.412    9.611   10.456
   10.612   10.627   10.944   11.584   11.875   11.950
           -0.193333  0.577350  0.000000
  -16.072  -15.073  -11.082   -3.910   -1.020    8.268    9.014    9.460    9.666   10.518
   10.674   10.689   10.991   11.646   11.928   12.008
           -0.200000  0.577350  0.000000
  -16.032  -15.041  -11.205   -3.854   -1.055    8.449    8.958    9.510    9.722   10.582
   10.737   10.752   11.041   11.710   11.982   12.067
           -0.206667  0.577350  0.000000
  -15.991  -15.009  -11.328   -3.796   -1.093    8.629    8.901    9.560    9.780   10.649
   10.802   10.818   11.094   11.776   12.037   12.128
           -0.213333  0.577350  0.000000
  -15.949  -14.977  -11.450   -3.737   -1.134    8.809    8.844    9.612    9.841   10.717
   10.869   10.886   11.151   11.845   12.093   12.191
           -0.220000  0.577350  0.000000
  -15.905  -14.945  -11.572   -3.675   -1.177    8.787    8.987    9.664    9.903   10.788
   10.939   10.956   11.210   11.915   12.151   12.256
           -0.226667  0.577350  0.000000
  -15.860  -14.913  -11.692   -3.612   -1.223    8.732    9.163    9.717    9.968   10.860
   11.010   11.029   11.272   11.988   12.209   12.323
           -0.233333  0.577350  0.000000
  -15.814  -14.883  -11.812   -3.547   -1.271    8.679    9.334    9.770   10.036   10.935
   11.084   11.103   11.337   12.063   12.268   12.391
           -0.240000  0.577350  0.000000
  -15.766  -14.853  -11.929   -3.480   -1.323    8.627    9.499    9.825   10.108   11.012
   11.160   11.179   11.405   12.140   12.327   12.460
           -0.246667  0.577350  0.000000
  -15.717  -14.825  -12.043   -3.411   -1.378    8.578    9.656    9.879   10.185   11.092
   11.237   11.258   11.476   12.219   12.386   12.531
           -0.253333  0.577350  0.000000
  -15.667  -14.800  -12.154   -3.340   -1.435    8.531    9.802    9.933   10.268   11.173
   11.317   11.339   11.549   12.300   12.446   12.604
           -0.260000  0.577350  0.000000
  -15.615  -14.777  -12.262   -3.268   -1.496    8.488    9.934    9.988   10.359   11.257
   11.398   11.422   11.624   12.384   12.505   12.677
           -0.266667  0.577350  0.000000
  -15.562  -14.758  -12.364   -3.194   -1.559    8.448   10.042   10.050   10.458   11.342
   11.482   11.507   11.702   12.470   12.564   12.751
           -0.273333  0.577350  0.000000
  -15.508  -14.743  -12.461   -3.117   -1.626    8.412   10.095   10.150   10.563   11.430
   11.567   11.594   11.782   12.557   12.622   12.826
           -0.280000  0.577350  0.000000
  -15.452  -14.734  -12.551   -3.040   -1.696    8.379   10.148   10.235   10.668   11.520
   11.654   11.683   11.864   12.647   12.679   12.900
           -0.286667  0.577350  0.000000
  -15.395  -14.731  -12.634   -2.960   -1.768    8.350   10.200   10.310   10.770   11.612
   11.743   11.773   11.947   12.736   12.740   12.972
           -0.293333  0.577350  0.000000
  -15.337  -14.735  -12.707   -2.879   -1.844    8.325   10.250   10.374   10.863   11.707
   11.834   11.866   12.031   12.791   12.834   13.039
           -0.300000  0.577350  0.000000
  -15.277  -14.748  -12.770   -2.796   -1.922    8.304   10.299   10.428   10.943   11.803
   11.927   11.960   12.116   12.846   12.930   13.093
           -0.306667  0.577350  0.000000
  -15.217  -14.770  -12.823   -2.711   -2.003    8.287   10.345   10.473   11.006   11.902
   12.021   12.056   12.200   12.900   13.029   13.102
           -0.313333  0.577350  0.000000
  -15.154  -14.803  -12.863   -2.624   -2.087    8.274   10.390   10.506   11.052   12.003
   12.117   12.152   12.280   12.954   12.992   13.025
           -0.320000  0.577350  0.000000
  -15.091  -14.845  -12.892   -2.536   -2.173    8.265   10.431   10.525   11.080   12.106
   12.214   12.250   12.347   12.819   12.892   13.008
           -0.326667  0.577350  0.000000
  -15.026  -14.898  -12.909   -2.446   -2.262    8.259   10.470   10.526   11.094   12.211
   12.312   12.347   12.376   12.630   12.774   13.063
           -0.333333  0.577350  0.000000
  -14.960  -14.960  -12.914   -2.354   -2.354    8.258   10.505   10.505   11.097   12.318
   12.318   12.412   12.412   12.467   12.730   13.119
