 &plot nbnd=  16, nks=   151 /
           -0.333333  0.577350  0.000000
  -14.961  -14.961  -12.915   -2.355   -2.355    8.259   10.507   10.507   11.105   12.359
   12.359   12.477   12.477   12.537   12.795   13.158
           -0.326667  0.565803  0.000000
  -15.111  -14.825  -12.895   -2.544   -2.166    8.266   10.391   10.566   11.098   12.049
   12.094   12.579   12.677   12.712   12.838   13.029
           -0.320000  0.554256  0.000000
  -15.288  -14.683  -12.839   -2.743   -1.970    8.284   10.184   10.609   11.084   11.680
   11.691   12.685   12.759   12.808   12.879   12.967
           -0.313333  0.542709  0.000000
  -15.486  -14.537  -12.756   -2.948   -1.768    8.311    9.916   10.634   11.047   11.300
   11.305   12.365   12.484   13.046   13.081   13.147
           -0.306667  0.531162  0.000000
  -15.696  -14.385  -12.652   -3.161   -1.560    8.342    9.612   10.643   10.849   10.937
   11.052   12.019   12.150   13.284   13.292   13.343
           -0.300000  0.519615  0.000000
  -15.915  -14.229  -12.531   -3.378   -1.345    8.370    9.289   10.475   10.582   10.636
   10.960   11.676   11.800   13.489   13.519   13.532
           -0.293333  0.508068  0.000000
  -16.139  -14.067  -12.396   -3.601   -1.124    8.386    8.957   10.094   10.245   10.614
   10.851   11.348   11.450   13.275   13.499   13.698
           -0.286667  0.496521  0.000000
  -16.366  -13.900  -12.251   -3.826   -0.896    8.377    8.621    9.718    9.932   10.580
   10.711   11.042   11.110   12.972   13.230   13.916
           -0.280000  0.484974  0.000000
  -16.593  -13.729  -12.096   -4.054   -0.663    8.285    8.325    9.349    9.647   10.523
   10.535   10.769   10.803   12.666   12.915   14.142
           -0.273333  0.473427  0.000000
  -16.820  -13.552  -11.934   -4.284   -0.423    7.952    8.214    8.988    9.390   10.264
   10.481   10.541   10.556   12.372   12.590   14.378
           -0.266667  0.461880  0.000000
  -17.044  -13.371  -11.765   -4.515   -0.178    7.623    8.042    8.636    9.148    9.956
   10.353   10.365   10.420   12.101   12.264   14.622
           -0.260000  0.450333  0.000000
  -17.267  -13.185  -11.590   -4.745    0.072    7.299    7.821    8.292    8.905    9.634
   10.161   10.235   10.353   11.864   11.941   14.500
           -0.253333  0.438786  0.000000
  -17.486  -12.994  -11.409   -4.975    0.328    6.981    7.568    7.956    8.651    9.313
    9.969   10.128   10.281   11.623   11.674   14.244
           -0.246667  0.427239  0.000000
  -17.702  -12.798  -11.224   -5.204    0.589    6.669    7.297    7.629    8.385    8.996
    9.777   10.013   10.206   11.311   11.545   13.992
           -0.240000  0.415692  0.000000
  -17.915  -12.598  -11.034   -5.431    0.855    6.364    7.018    7.310    8.113    8.685
    9.583    9.869   10.127   11.005   11.478   13.757
           -0.233333  0.404145  0.000000
  -18.122  -12.394  -10.840   -5.656    1.125    6.067    6.737    7.000    7.838    8.382
    9.390    9.689   10.046   10.707   11.460   13.550
           -0.226667  0.392598  0.000000
  -18.326  -12.185  -10.643   -5.877    1.400    5.776    6.458    6.699    7.564    8.086
    9.198    9.482    9.963   10.416   11.464   13.384
           -0.220000  0.381051  0.000000
  -18.525  -11.972  -10.443   -6.096    1.679    5.494    6.183    6.406    7.292    7.798
    9.008    9.257    9.879   10.133   11.460   13.192
           -0.213333  0.369504  0.000000
  -18.718  -11.755  -10.240   -6.310    1.961    5.219    5.913    6.122    7.026    7.518
    8.820    9.023    9.793    9.858   11.421   12.923
           -0.206667  0.357957  0.000000
  -18.907  -11.534  -10.035   -6.521    2.247    4.953    5.648    5.847    6.765    7.247
    8.635    8.786    9.591    9.706   11.337   12.661
           -0.200000  0.346410  0.000000
  -19.091  -11.309   -9.828   -6.727    2.536    4.694    5.391    5.580    6.510    6.983
    8.455    8.549    9.332    9.618   11.212   12.406
           -0.193333  0.334863  0.000000
  -19.269  -11.080   -9.620   -6.928    2.828    4.443    5.141    5.322    6.262    6.729
    8.278    8.315    9.082    9.528   11.056   12.158
           -0.186667  0.323316  0.000000
  -19.442  -10.848   -9.411   -7.124    3.122    4.201    4.898    5.073    6.021    6.482
    8.085    8.106    8.841    9.438   10.882   11.918
           -0.180000  0.311769  0.000000
  -19.610  -10.613   -9.201   -7.315    3.417    3.967    4.664    4.833    5.788    6.244
    7.861    7.940    8.608    9.346   10.697   11.687
           -0.173333  0.300222  0.000000
  -19.771  -10.375   -8.991   -7.500    3.714    3.741    4.437    4.601    5.563    6.015
    7.643    7.778    8.384    9.252   10.508   11.463
           -0.166667  0.288675  0.000000
  -19.928  -10.135   -8.781   -7.680    3.523    4.011    4.218    4.378    5.345    5.794
    7.431    7.622    8.169    9.156   10.319   11.247
           -0.160000  0.277128  0.000000
  -20.078   -9.892   -8.573   -7.854    3.314    4.008    4.164    4.308    5.136    5.582
    7.227    7.471    7.963    9.058   10.132   11.039
           -0.153333  0.265581  0.000000
  -20.223   -9.647   -8.365   -8.021    3.113    3.805    3.958    4.605    4.935    5.379
    7.030    7.326    7.767    8.957    9.949   10.839
           -0.146667  0.254034  0.000000
  -20.362   -9.400   -8.183   -8.160    2.921    3.611    3.761    4.742    4.900    5.184
    6.841    7.187    7.580    8.852    9.771   10.648
           -0.140000  0.242487  0.000000
  -20.494   -9.153   -8.338   -7.957    2.737    3.426    3.573    4.558    4.997    5.193
    6.659    7.052    7.403    8.742    9.599   10.465
           -0.133333  0.230940  0.000000
  -20.621   -8.904   -8.486   -7.758    2.562    3.249    3.394    4.381    4.820    5.483
    6.486    6.922    7.237    8.627    9.433   10.290
           -0.126667  0.219393  0.000000
  -20.742   -8.656   -8.628   -7.562    2.395    3.080    3.223    4.214    4.651    5.769
    6.320    6.797    7.082    8.506    9.274   10.124
           -0.120000  0.207846  0.000000
  -20.857   -8.763   -8.408   -7.370    2.236    2.920    3.061    4.054    4.490    6.051
    6.163    6.675    6.939    8.378    9.122    9.966
           -0.113333  0.196299  0.000000
  -20.966   -8.891   -8.162   -7.184    2.086    2.769    2.908    3.903    4.339    6.014
    6.326    6.557    6.809    8.242    8.978    9.816
           -0.106667  0.184752  0.000000
  -21.069   -9.012   -7.918   -7.003    1.945    2.626    2.764    3.761    4.195    5.874
    6.441    6.595    6.690    8.098    8.841    9.675
           -0.100000  0.173205  0.000000
  -21.166   -9.127   -7.677   -6.828    1.812    2.491    2.628    3.627    4.061    5.741
    6.329    6.585    6.856    7.945    8.713    9.542
           -0.093333  0.161658  0.000000
  -21.256   -9.234   -7.440   -6.661    1.688    2.366    2.501    3.502    3.935    5.617
    6.221    6.490    7.108    7.784    8.592    9.417
           -0.086667  0.150111  0.000000
  -21.341   -9.334   -7.208   -6.501    1.572    2.249    2.383    3.385    3.818    5.502
    6.117    6.406    7.350    7.615    8.479    9.301
           -0.080000  0.138564  0.000000
  -21.419   -9.427   -6.983   -6.350    1.465    2.140    2.274    3.277    3.710    5.395
    6.020    6.332    7.441    7.580    8.374    9.193
           -0.073333  0.127017  0.000000
  -21.491   -9.513   -6.766   -6.208    1.367    2.040    2.173    3.178    3.610    5.296
    5.929    6.266    7.262    7.797    8.278    9.094
           -0.066667  0.115470  0.000000
  -21.557   -9.591   -6.558   -6.076    1.277    1.949    2.082    3.087    3.519    5.206
    5.845    6.208    7.083    8.001    8.190    9.003
           -0.060000  0.103923  0.000000
  -21.616   -9.662   -6.362   -5.954    1.195    1.867    1.999    3.005    3.437    5.125
    5.768    6.158    6.906    8.110    8.190    8.921
           -0.053333  0.092376  0.000000
  -21.670   -9.726   -6.179   -5.843    1.122    1.793    1.924    2.931    3.363    5.052
    5.699    6.114    6.734    8.038    8.362    8.848
           -0.046667  0.080829  0.000000
  -21.717   -9.782   -6.011   -5.744    1.058    1.728    1.859    2.866    3.298    4.988
    5.637    6.076    6.572    7.975    8.517    8.783
           -0.040000  0.069282  0.000000
  -21.758   -9.831   -5.859   -5.657    1.002    1.671    1.802    2.810    3.242    4.932
    5.584    6.045    6.422    7.920    8.654    8.726
           -0.033333  0.057735  0.000000
  -21.792   -9.872   -5.727   -5.582    0.955    1.623    1.754    2.763    3.194    4.885
    5.539    6.018    6.289    7.873    8.679    8.771
           -0.026667  0.046188  0.000000
  -21.821   -9.906   -5.616   -5.521    0.917    1.584    1.714    2.724    3.155    4.846
    5.502    5.998    6.175    7.835    8.639    8.868
           -0.020000  0.034641  0.000000
  -21.843   -9.932   -5.527   -5.473    0.887    1.554    1.684    2.693    3.125    4.816
    5.473    5.982    6.083    7.806    8.609    8.945
           -0.013333  0.023094  0.000000
  -21.858   -9.951   -5.463   -5.438    0.865    1.532    1.662    2.672    3.103    4.794
    5.452    5.970    6.016    7.785    8.587    9.000
           -0.006667  0.011547  0.000000
  -21.868   -9.962   -5.423   -5.417    0.852    1.519    1.649    2.659    3.090    4.781
    5.440    5.964    5.975    7.772    8.574    9.033
            0.000000  0.000000  0.000000
  -21.871   -9.966   -5.410   -5.410    0.848    1.515    1.644    2.654    3.086    4.777
    5.436    5.961    5.961    7.768    8.570    9.044
            0.000000  0.011547  0.000000
  -21.869   -9.963   -5.420   -5.415    0.851    1.518    1.648    2.658    3.089    4.780
    5.439    5.963    5.972    7.771    8.573    9.036
            0.000000  0.023094  0.000000
  -21.862   -9.955   -5.450   -5.431    0.861    1.528    1.657    2.667    3.099    4.790
    5.448    5.968    6.003    7.780    8.583    9.011
            0.000000  0.034641  0.000000
  -21.850   -9.941   -5.499   -5.457    0.877    1.544    1.674    2.684    3.115    4.806
    5.464    5.976    6.054    7.796    8.599    8.969
            0.000000  0.046188  0.000000
  -21.833   -9.921   -5.566   -5.492    0.900    1.567    1.697    2.706    3.138    4.829
    5.485    5.986    6.126    7.818    8.622    8.912
            0.000000  0.057735  0.000000
  -21.812   -9.896   -5.652   -5.537    0.928    1.596    1.726    2.735    3.167    4.858
    5.513    5.997    6.217    7.847    8.651    8.838
            0.000000  0.069282  0.000000
  -21.786   -9.865   -5.756   -5.591    0.964    1.632    1.762    2.771    3.203    4.893
    5.547    6.010    6.327    7.882    8.687    8.749
            0.000000  0.080829  0.000000
  -21.755   -9.828   -5.876   -5.654    1.006    1.675    1.805    2.813    3.245    4.935
    5.587    6.023    6.456    7.923    8.646    8.730
            0.000000  0.092376  0.000000
  -21.720   -9.786   -6.012   -5.723    1.054    1.723    1.854    2.862    3.294    4.983
    5.632    6.036    6.602    7.970    8.527    8.778
            0.000000  0.103923  0.000000
  -21.680   -9.738   -6.163   -5.800    1.108    1.779    1.910    2.917    3.349    5.038
    5.683    6.047    6.766    8.024    8.395    8.834
            0.000000  0.115470  0.000000
  -21.635   -9.685   -6.327   -5.883    1.170    1.841    1.972    2.979    3.411    5.099
    5.739    6.058    6.945    8.083    8.250    8.895
            0.000000  0.127017  0.000000
  -21.586   -9.626   -6.504   -5.971    1.237    1.909    2.041    3.047    3.479    5.167
    5.798    6.069    7.140    8.084    8.157    8.963
            0.000000  0.138564  0.000000
  -21.532   -9.561   -6.693   -6.064    1.311    1.984    2.117    3.122    3.554    5.241
    5.856    6.083    7.349    7.917    8.226    9.037
            0.000000  0.150111  0.000000
  -21.473   -9.491   -6.892   -6.161    1.391    2.065    2.199    3.203    3.635    5.321
    5.908    6.107    7.572    7.736    8.304    9.118
            0.000000  0.161658  0.000000
  -21.410   -9.416   -7.101   -6.261    1.478    2.153    2.287    3.290    3.723    5.407
    5.941    6.150    7.543    7.807    8.389    9.205
            0.000000  0.173205  0.000000
  -21.342   -9.335   -7.319   -6.364    1.571    2.247    2.382    3.384    3.817    5.500
    5.953    6.218    7.340    8.055    8.481    9.298
            0.000000  0.184752  0.000000
  -21.269   -9.249   -7.544   -6.469    1.671    2.348    2.484    3.485    3.918    5.599
    5.950    6.303    7.129    8.314    8.578    9.398
            0.000000  0.196299  0.000000
  -21.192   -9.157   -7.776   -6.575    1.777    2.455    2.592    3.591    4.025    5.704
    5.937    6.401    6.909    8.584    8.682    9.504
            0.000000  0.207846  0.000000
  -21.110   -9.061   -8.015   -6.682    1.889    2.569    2.707    3.704    4.138    5.814
    5.917    6.509    6.682    8.792    8.863    9.616
            0.000000  0.219393  0.000000
  -21.023   -8.959   -8.258   -6.790    2.008    2.689    2.828    3.824    4.258    5.892
    5.927    6.451    6.625    8.909    9.151    9.735
            0.000000  0.230940  0.000000
  -20.932   -8.851   -8.506   -6.897    2.133    2.816    2.956    3.949    4.384    5.864
    6.022    6.239    6.748    9.031    9.448    9.859
            0.000000  0.242487  0.000000
  -20.836   -8.759   -8.739   -7.004    2.264    2.948    3.091    4.081    4.517    5.833
    5.916    6.227    6.878    9.159    9.752    9.991
            0.000000  0.254034  0.000000
  -20.736   -9.014   -8.622   -7.110    2.402    3.087    3.232    4.218    4.656    5.679
    5.800    6.349    7.015    9.294   10.063   10.128
            0.000000  0.265581  0.000000
  -20.631   -9.272   -8.499   -7.214    2.547    3.232    3.379    4.360    4.801    5.427
    5.765    6.489    7.159    9.434   10.272   10.381
            0.000000  0.277128  0.000000
  -20.522   -9.533   -8.372   -7.317    2.697    3.383    3.533    4.503    4.951    5.175
    5.729    6.638    7.309    9.580   10.421   10.704
            0.000000  0.288675  0.000000
  -20.408   -9.795   -8.240   -7.418    2.854    3.538    3.694    4.625    4.947    5.107
    5.694    6.793    7.466    9.733   10.578   11.032
            0.000000  0.300222  0.000000
  -20.290  -10.059   -8.103   -7.517    3.017    3.696    3.861    4.566    4.907    5.265
    5.663    6.956    7.630    9.891   10.740   11.365
            0.000000  0.311769  0.000000
  -20.168  -10.324   -7.962   -7.613    3.187    3.847    4.035    4.345    5.046    5.413
    5.647    7.125    7.800   10.054   10.909   11.701
            0.000000  0.323316  0.000000
  -20.041  -10.589   -7.816   -7.707    3.362    3.906    4.197    4.215    5.215    5.498
    5.701    7.300    7.977   10.223   11.083   12.039
            0.000000  0.334863  0.000000
  -19.909  -10.854   -7.797   -7.667    3.544    3.719    4.295    4.402    5.395    5.494
    5.851    7.482    8.160   10.398   11.264   12.379
            0.000000  0.346410  0.000000
  -19.774  -11.119   -7.885   -7.513    3.459    3.732    4.469    4.595    5.466    5.584
    6.032    7.669    8.349   10.577   11.451   12.721
            0.000000  0.357957  0.000000
  -19.634  -11.384   -7.969   -7.355    3.188    3.926    4.660    4.794    5.434    5.780
    6.226    7.863    8.545   10.762   11.644   13.062
            0.000000  0.369504  0.000000
  -19.490  -11.647   -8.049   -7.194    2.914    4.126    4.861    4.998    5.402    5.982
    6.428    8.063    8.747   10.951   11.844   13.403
            0.000000  0.381051  0.000000
  -19.341  -11.910   -8.126   -7.030    2.639    4.331    5.069    5.203    5.378    6.191
    6.637    8.269    8.955   11.144   12.049   13.431
            0.000000  0.392598  0.000000
  -19.189  -12.171   -8.199   -6.863    2.366    4.541    5.285    5.315    5.455    6.406
    6.854    8.481    9.170   11.342   12.259   13.352
            0.000000  0.404145  0.000000
  -19.033  -12.430   -8.269   -6.693    2.094    4.753    5.302    5.507    5.669    6.628
    7.077    8.699    9.391   11.541   12.475   13.221
            0.000000  0.415692  0.000000
  -18.872  -12.688   -8.334   -6.522    1.826    4.959    5.292    5.736    5.899    6.856
    7.306    8.922    9.618   11.743   12.694   13.045
            0.000000  0.427239  0.000000
  -18.708  -12.943   -8.395   -6.349    1.562    5.114    5.341    5.971    6.138    7.091
    7.543    9.151    9.851   11.943   12.792   12.952
            0.000000  0.438786  0.000000
  -18.541  -13.196   -8.452   -6.176    1.302    5.151    5.514    6.212    6.383    7.331
    7.785    9.386   10.091   12.137   12.553   13.170
            0.000000  0.450333  0.000000
  -18.369  -13.445   -8.505   -6.004    1.050    5.142    5.741    6.460    6.635    7.578
    8.034    9.625   10.336   12.274   12.312   13.336
            0.000000  0.461880  0.000000
  -18.195  -13.692   -8.553   -5.833    0.805    5.124    5.985    6.714    6.894    7.831
    8.290    9.870   10.588   11.977   12.425   13.112
            0.000000  0.473427  0.000000
  -18.017  -13.935   -8.597   -5.665    0.570    5.105    6.237    6.974    7.159    8.089
    8.552   10.118   10.845   11.668   12.371   13.028
            0.000000  0.484974  0.000000
  -17.837  -14.174   -8.636   -5.502    0.346    5.087    6.497    7.240    7.431    8.354
    8.820   10.370   11.104   11.355   12.146   12.659
            0.000000  0.496521  0.000000
  -17.656  -14.408   -8.671   -5.345    0.135    5.071    6.764    7.512    7.709    8.624
    9.094   10.622   11.023   11.384   11.858   12.286
            0.000000  0.508068  0.000000
  -17.473  -14.636   -8.701   -5.198   -0.058    5.056    7.037    7.790    7.994    8.900
    9.375   10.702   10.865   11.561   11.656   11.918
            0.000000  0.519615  0.000000
  -17.291  -14.856   -8.727   -5.064   -0.233    5.043    7.315    8.073    8.286    9.181
    9.661   10.380   11.018   11.346   11.555   11.937
            0.000000  0.531162  0.000000
  -17.113  -15.066   -8.748   -4.946   -0.384    5.033    7.599    8.361    8.583    9.466
    9.944   10.067   10.830   11.200   11.459   12.022
            0.000000  0.542709  0.000000
  -16.944  -15.260   -8.765   -4.848   -0.507    5.024    7.888    8.655    8.888    9.734
    9.754   10.257   10.532   10.851   11.541   11.867
            0.000000  0.554256  0.000000
  -16.793  -15.427   -8.776   -4.775   -0.599    5.018    8.182    8.952    9.197    9.421
   10.017   10.251   10.506   10.562   11.302   11.837
            0.000000  0.565803  0.000000
  -16.682  -15.549   -8.783   -4.729   -0.656    5.015    8.479    9.109    9.251    9.518
    9.881   10.171   10.373   10.871   11.007   11.510
            0.000000  0.577350  0.000000
  -16.639  -15.595   -8.786   -4.713   -0.675    5.014    8.721    8.863    9.488    9.646
    9.836    9.846   10.588   10.783   11.172   11.204
           -0.006667  0.577350  0.000000
  -16.639  -15.595   -8.789   -4.712   -0.676    5.018    8.722    8.864    9.489    9.648
    9.837    9.847   10.588   10.784   11.173   11.205
           -0.013333  0.577350  0.000000
  -16.637  -15.593   -8.800   -4.709   -0.676    5.033    8.724    8.867    9.490    9.651
    9.840    9.850   10.589   10.788   11.176   11.208
           -0.020000  0.577350  0.000000
  -16.633  -15.589   -8.818   -4.705   -0.677    5.057    8.729    8.872    9.491    9.656
    9.845    9.856   10.592   10.793   11.181   11.213
           -0.026667  0.577350  0.000000
  -16.629  -15.585   -8.842   -4.698   -0.679    5.090    8.736    8.879    9.493    9.664
    9.853    9.863   10.594   10.801   11.188   11.220
           -0.033333  0.577350  0.000000
  -16.623  -15.579   -8.874   -4.689   -0.681    5.133    8.744    8.888    9.495    9.674
    9.863    9.873   10.598   10.810   11.197   11.230
           -0.040000  0.577350  0.000000
  -16.615  -15.571   -8.912   -4.679   -0.684    5.185    8.754    8.898    9.497    9.686
    9.874    9.885   10.602   10.822   11.208   11.241
           -0.046667  0.577350  0.000000
  -16.606  -15.563   -8.957   -4.666   -0.687    5.246    8.766    8.911    9.500    9.700
    9.888    9.899   10.607   10.837   11.221   11.255
           -0.053333  0.577350  0.000000
  -16.596  -15.553   -9.008   -4.652   -0.691    5.316    8.780    8.926    9.503    9.716
    9.905    9.916   10.613   10.853   11.236   11.270
           -0.060000  0.577350  0.000000
  -16.585  -15.542   -9.066   -4.636   -0.695    5.394    8.796    8.943    9.505    9.735
    9.923    9.934   10.620   10.871   11.253   11.288
           -0.066667  0.577350  0.000000
  -16.572  -15.529   -9.129   -4.617   -0.700    5.480    8.814    8.962    9.507    9.755
    9.944    9.955   10.627   10.892   11.272   11.308
           -0.073333  0.577350  0.000000
  -16.558  -15.515   -9.198   -4.597   -0.706    5.575    8.833    8.983    9.508    9.778
    9.966    9.977   10.635   10.915   11.293   11.330
           -0.080000  0.577350  0.000000
  -16.542  -15.500   -9.272   -4.575   -0.712    5.677    8.854    9.005    9.507    9.803
    9.991   10.002   10.643   10.940   11.316   11.354
           -0.086667  0.577350  0.000000
  -16.526  -15.484   -9.351   -4.551   -0.720    5.787    8.877    9.030    9.506    9.830
   10.018   10.029   10.653   10.967   11.341   11.380
           -0.093333  0.577350  0.000000
  -16.507  -15.466   -9.436   -4.526   -0.728    5.904    8.902    9.056    9.502    9.860
   10.047   10.059   10.663   10.996   11.368   11.408
           -0.100000  0.577350  0.000000
  -16.488  -15.447   -9.524   -4.498   -0.737    6.027    8.929    9.085    9.496    9.891
   10.079   10.090   10.674   11.028   11.397   11.438
           -0.106667  0.577350  0.000000
  -16.467  -15.427   -9.617   -4.468   -0.747    6.157    8.957    9.115    9.487    9.925
   10.112   10.124   10.686   11.062   11.428   11.470
           -0.113333  0.577350  0.000000
  -16.445  -15.406   -9.714   -4.437   -0.759    6.293    8.987    9.148    9.475    9.961
   10.148   10.159   10.700   11.097   11.460   11.504
           -0.120000  0.577350  0.000000
  -16.421  -15.384   -9.815   -4.403   -0.772    6.435    9.019    9.182    9.459    9.999
   10.185   10.197   10.715   11.135   11.495   11.540
           -0.126667  0.577350  0.000000
  -16.396  -15.360   -9.919   -4.368   -0.786    6.582    9.052    9.218    9.439   10.039
   10.225   10.238   10.732   11.176   11.531   11.578
           -0.133333  0.577350  0.000000
  -16.370  -15.336  -10.026   -4.331   -0.801    6.734    9.087    9.256    9.415   10.081
   10.267   10.280   10.751   11.218   11.569   11.619
           -0.140000  0.577350  0.000000
  -16.342  -15.310  -10.136   -4.292   -0.818    6.891    9.124    9.296    9.387   10.126
   10.311   10.324   10.773   11.263   11.609   11.661
           -0.146667  0.577350  0.000000
  -16.313  -15.283  -10.248   -4.251   -0.837    7.052    9.162    9.337    9.354   10.173
   10.358   10.371   10.797   11.309   11.651   11.705
           -0.153333  0.577350  0.000000
  -16.283  -15.256  -10.363   -4.208   -0.857    7.218    9.202    9.316    9.381   10.221
   10.406   10.419   10.824   11.358   11.694   11.751
           -0.160000  0.577350  0.000000
  -16.251  -15.227  -10.479   -4.163   -0.879    7.386    9.243    9.275    9.426   10.272
   10.457   10.470   10.855   11.409   11.739   11.799
           -0.166667  0.577350  0.000000
  -16.218  -15.198  -10.598   -4.116   -0.903    7.558    9.229    9.286    9.473   10.326
   10.509   10.523   10.888   11.463   11.786   11.849
           -0.173333  0.577350  0.000000
  -16.184  -15.168  -10.718   -4.068   -0.929    7.732    9.180    9.330    9.522   10.381
   10.564   10.578   10.925   11.518   11.835   11.901
           -0.180000  0.577350  0.000000
  -16.148  -15.137  -10.838   -4.017   -0.957    7.909    9.129    9.376    9.573   10.439
   10.621   10.636   10.965   11.576   11.884   11.955
           -0.186667  0.577350  0.000000
  -16.111  -15.106  -10.960   -3.965   -0.988    8.088    9.074    9.422    9.625   10.498
   10.680   10.695   11.009   11.635   11.936   12.011
           -0.193333  0.577350  0.000000
  -16.073  -15.074  -11.083   -3.911   -1.021    8.267    9.019    9.470    9.679   10.560
   10.741   10.757   11.055   11.697   11.988   12.069
           -0.200000  0.577350  0.000000
  -16.033  -15.042  -11.206   -3.855   -1.056    8.448    8.962    9.519    9.735   10.624
   10.805   10.821   11.105   11.761   12.042   12.128
           -0.206667  0.577350  0.000000
  -15.992  -15.010  -11.328   -3.797   -1.094    8.628    8.904    9.570    9.793   10.691
   10.870   10.887   11.158   11.828   12.097   12.189
           -0.213333  0.577350  0.000000
  -15.950  -14.977  -11.451   -3.737   -1.134    8.808    8.847    9.621    9.853   10.759
   10.938   10.955   11.214   11.896   12.153   12.252
           -0.220000  0.577350  0.000000
  -15.906  -14.945  -11.572   -3.676   -1.178    8.790    8.986    9.673    9.916   10.830
   11.007   11.025   11.274   11.967   12.210   12.317
           -0.226667  0.577350  0.000000
  -15.861  -14.914  -11.693   -3.613   -1.223    8.735    9.162    9.725    9.980   10.902
   11.079   11.097   11.336   12.039   12.268   12.384
           -0.233333  0.577350  0.000000
  -15.815  -14.883  -11.812   -3.547   -1.272    8.681    9.333    9.779   10.048   10.977
   11.152   11.171   11.401   12.114   12.326   12.451
           -0.240000  0.577350  0.000000
  -15.767  -14.854  -11.929   -3.480   -1.324    8.629    9.498    9.833   10.120   11.054
   11.228   11.248   11.468   12.191   12.384   12.521
           -0.246667  0.577350  0.000000
  -15.718  -14.826  -12.044   -3.412   -1.379    8.580    9.656    9.887   10.196   11.133
   11.305   11.327   11.538   12.271   12.443   12.592
           -0.253333  0.577350  0.000000
  -15.668  -14.801  -12.155   -3.341   -1.436    8.533    9.802    9.941   10.279   11.215
   11.385   11.407   11.611   12.352   12.502   12.664
           -0.260000  0.577350  0.000000
  -15.616  -14.778  -12.262   -3.269   -1.497    8.490    9.934    9.995   10.369   11.298
   11.466   11.490   11.686   12.436   12.560   12.737
           -0.266667  0.577350  0.000000
  -15.563  -14.759  -12.365   -3.194   -1.560    8.450   10.048   10.051   10.467   11.384
   11.550   11.575   11.763   12.521   12.617   12.811
           -0.273333  0.577350  0.000000
  -15.509  -14.744  -12.462   -3.118   -1.627    8.413   10.102   10.152   10.570   11.472
   11.635   11.662   11.843   12.609   12.674   12.885
           -0.280000  0.577350  0.000000
  -15.453  -14.734  -12.552   -3.040   -1.696    8.381   10.154   10.238   10.675   11.562
   11.722   11.751   11.924   12.699   12.730   12.959
           -0.286667  0.577350  0.000000
  -15.396  -14.731  -12.634   -2.961   -1.769    8.352   10.205   10.313   10.777   11.654
   11.811   11.842   12.007   12.785   12.791   13.030
           -0.293333  0.577350  0.000000
  -15.338  -14.736  -12.707   -2.879   -1.844    8.327   10.255   10.377   10.869   11.748
   11.902   11.935   12.090   12.839   12.886   13.095
           -0.300000  0.577350  0.000000
  -15.278  -14.749  -12.771   -2.796   -1.923    8.306   10.303   10.432   10.949   11.844
   11.995   12.029   12.174   12.891   12.982   13.146
           -0.306667  0.577350  0.000000
  -15.218  -14.771  -12.823   -2.711   -2.004    8.289   10.350   10.476   11.013   11.943
   12.088   12.124   12.256   12.944   13.081   13.150
           -0.313333  0.577350  0.000000
  -15.155  -14.804  -12.864   -2.625   -2.088    8.276   10.393   10.509   11.059   12.044
   12.184   12.221   12.334   12.996   13.046   13.073
           -0.320000  0.577350  0.000000
  -15.092  -14.846  -12.892   -2.536   -2.174    8.266   10.435   10.528   11.087   12.147
   12.280   12.318   12.397   12.880   12.946   13.048
           -0.326667  0.577350  0.000000
  -15.027  -14.899  -12.909   -2.446   -2.263    8.261   10.473   10.528   11.101   12.252
   12.378   12.416   12.420   12.695   12.835   13.102
           -0.333333  0.577350  0.000000
  -14.961  -14.961  -12.915   -2.355   -2.355    8.259   10.507   10.507   11.105   12.359
   12.359   12.477   12.477   12.537   12.795   13.158
